LevelSize: 8 7

Texture-Level-B2: resources/Template.png
Level-B2:
000 000 000 000 000 000 000 000 
000 000 000 000 000 000 000 000 
000 000 000 000 000 000 000 000 
000 000 000 000 000 000 000 000 
000 000 000 000 000 000 000 000 
000 000 000 000 000 000 000 000 
000 000 000 000 000 000 000 000 

Texture-Level-B1: resources/Template.png
Level-B1:
000 000 000 000 000 000 000 000 
000 000 000 000 000 000 000 000 
000 000 000 000 000 000 000 000 
000 000 000 000 000 000 000 000 
000 000 000 000 000 000 000 000 
000 000 000 000 000 000 000 000 
000 000 000 000 000 000 000 000 

Texture-Level-Zero: resources/Template.png
Level-Zero:
100 101 100 101 100 101 100 101 
101 100 101 100 101 100 101 100
100 101 100 101 100 101 100 101 
101 100 101 100 101 100 101 100
100 101 100 101 100 101 100 101 
101 100 101 100 101 100 101 100
100 101 100 101 100 101 100 101  

Texture-Level-F1: resources/Template.png
Level-F1:
000 000 000 000 000 000 000 000 
000 000 000 000 000 000 000 000 
000 000 000 000 000 000 000 000 
000 000 000 000 000 000 000 000 
000 000 000 000 000 000 000 000 
000 000 000 000 000 000 000 000 
000 000 000 000 000 000 000 000 

Texture-Level-F2: resources/Template.png
Level-F2:
000 000 000 000 000 000 000 000 
000 000 000 000 000 000 000 000 
000 000 000 000 000 000 000 000 
000 000 000 000 000 000 000 000 
000 000 000 000 000 000 000 000 
000 000 000 000 000 000 000 000 
000 000 000 000 000 000 000 000 

